141422773.35333332
66819109.013333336
139433606.84
77189837.08
76551281.71666667
63153526.266666666
75918795.34666666
144977996.88666666
144033049.92666668
142545666.92333335
140470227.27
141036051.36
61689086.63
63201098.45333333
75269217.29
139844762.18666667
73469432.53666666
140560445.74390244
141519020.65350878
142810383.77666667
76280873.19333333
74448041.95333333
143890014.26333332
74518900.06
74652802.69666667
76237686.24
63232656.14
142705100.77333334
146264518.23333332
74865776.25666666
145766786.25333333
74047576.57
138752105.86
63005466.35666667
63410059.36
141084660.18333334
142381201.15
141059214.13666666
74621155.50666666
144455901.43
75518327.67333333
143103097.53333333
144372376.83666667
139645267.90333334
140485714.24848485
61311850.11333334
141700985.59666666
143924004.72333333
62529333.55
142067830.79333332
140374642.47
139804721.29
73631155.38666667
61919602.77
76392116.84
72752148.35333334
62638785.01
74716915.97666667
141755555.03333333
145006053.92
76905729.98333333
143101138.79333332
63569864.88
61653525.263333336
75139698.45
76007322.09333333
74483385.01666667
142267645.03666666
143390022.95666668
63527746.24333333
64124907.91
75669604.58666667
141586863.71
63404479.23
141798862.01
63447573.053333335
74092383.01333334
140365152.12666667
141875405.71
142780108.38666666
75465840.73
62754795.35
63926567.413333334
141023646.97666666
143696752.09
75164518.77666667
142498423.74333334
77972944.53
140630725.97
76061090.12333333
141884726.71333334
141299231.93666667
142411705.34333333
74996563.82666667
61895934.52666666
74714025.07333334
141519310.33
74586031.99
74156274.25666666
144063603.73
73393315.40333334
72587851.12333333
140430226.12
143096807.74
76700188.46666667
140995592.25666666
73736792.46666667
61116841.97
143715200.08333334
143276666.6
143111048.05
75180589.19
74464927.32631579
63248943.236666664
141007544.82666665
142500772.96333334
141777873.05333334
141279423.57666665
63725237.04666667
140120097.45666668
141539158.39
74421509.53333333
63991489.92333333
141144723.94666666
144696751.24333334
73224980.32666667
139219852.78333333
74626626.09
63158583.053333335
74491272.53333333
138967711.53666666
72707758.85666667
76395526.67666666
141965092.86333334
61864964.166666664
74306077.03666666
140742171.16333333
61656596.60666667
73798258.12666667
76127713.97
63637143.26
61727054.95333333
138610465.85
140832942.72333333
139610607.66666666
74885318.44
139532506.97333333
144261265.03666666
138692537.07
142332543.19333333
143820839.25333333
74795007.61666666
75422313.09333333
62784308.00333333
75210209.40666667
141561225.87
76944375.89333333
74589612.03
76253591.54666667
140951056.27
138874810.04333332
61341062.25333333
62358692.55
73851764.8
140852206.46333334
79072231.95652173
64168801.22333334
142223093.32666665
73616052.25
138929233.0304878
141337190.46333334
73714829.30333333
142652891.69333333
75166087.25
139565545.48333332
75004678.45333333
141317920.77666667
74283043.16333333
73974737.32333334
145713924.34666666
75223633.52666667
75517322.9
61793850.60666667
74643559.69
73649872.35333334
139539966.29333332
140481934.07666665
76160500.02333333
140364833.25
142175724.02
141908833.32666665
74991874.56
76190614.72333333
140968716.85666665
140365295.24
75071648.18333334
140731797.98
140511693.49666667
64106720.98
144628948.68666667
140349273.88666666
64373921.53
64181296.37
141796866.99333334
141825955.81
74939503.45666666
75580343.71
145160173.80333334
63137737.58
75548936.44666667
76452320.68333334
144344087.99
142420392.77666667
147262650.80666667
143919743.44333333
139178400.60666665
142980890.58666667
75149063.94
63934697.89666667
141569527.10666665
61656655.18666667
144056131.89333335
141955736.68
141675975.21666667
139657325.90333334
75052933.64
143447919.19666666
143186539.36
141217081.09
61749422.57666667
143613368.41401273
81028808.9361702
63963644.43333333
75231143.11666666
74653072.45454545
143263438.57333332
143517605.1
74553586.35333334
62771072.27
139750514.38
76787325.30666667
140570274.58
73970382.64705883
140256430.23333332
61918906.295833334
143020570.82333332
62209180.47666667
140751164.26666668
75124491.25666666
61660431.44
139806173.84666666
61651645.13333333
76562534.13333334
62795253.57333333
74306146.23
141124245.10666665
61732378.16
64682341.85
74031787.58
140608763.59
65769270.75
74185338.60333334
74514629.64666666
145460417.88333333
73700712.58
138550416.30666667
61503920.92333333
141694218.5
141084726.14666668
62346663.983333334
141270868.26
143433232.18666667
138890729.81
61874605.68333333
143782561.10666665
72211179.5
61854514.903333336
145797457.82333332
141312552.77333334
141567723.80333334
140769908.82
145546298.07333332
142426586.83
73541921.21666667
139822437.62
142578047.68666667
140071882.53
139888508.93333334
62497244.32
141359840.60333332
62642569.21333333
61660792.413333334
140487940.92666668
139093352.57666665
142366677.23333332
140248997.04666665
140249789.37
63245180.056666665
74746570.66
63050331.29666667
140853662.79
76412227.09
144649491.9
142610008.94333333
140500563.55
74715596.35333334
139832667.32051283
62141965.85666667
74624876.86666666
61005895.47333334
62017808.903333336
73729328.30333333
74940331.39333333
62792161.156666666
61128570.78
142431932.99666667
62119904.73
74224821.66
75290731.12
64368573.153333336
142963066.1
73701646.30333333
140090899.37333333
74071449.64
62247575.67333333
74259692.64
75360766.03
62545128.85603113
75708958.53
74191883.89333333
72869014.90666667
76548484.30666667
76030096.45333333
74675371.63333334
76421173.62333333
64259756.303333335
75522793.41772152
74610890.35333334
75216169.66
140323717.14666668
139715995.32589287
74920289.08333333
62750853.943333335
139663229.32333332
143612453.39666668
140482083.2614679
142141855.92333335
139974424.25666666
142262518.97666666
140012229.41
75861964.32333334
145164588.85
